1000 2000 24.26 6.86903 -1
1100 2000 22.28 6.76738 -1
1200 2000 20.13 6.66842 -1
1300 2000 18.31 6.52819 -1
1400 2000 16.28 6.40309 -1
1500 2000 14.92 6.22720 -1
1600 2000 12.90 6.10547 -1
1700 2000 11.51 5.939595 1
1800 2000 39.97 682.10360 -1
1900 2000 7.92 5.882564 1
2000 2000 5.73 5.991549 1
2100 2000 3.77 5.971445 1
2200 2000 2.36 5.915987 1
2300 2000 0.70 5.876151 1
2400 2000 90.00 5.807048 1
2500 2000 0.25 5.894715 1
2600 2000 0.09 4.809562 1
2700 2000 30.13 419.99338 -1
2800 2000 29.29 795.38860 -1
2900 2000 28.50 401.60318 -1
3000 2000 27.74 392.54662 -1
3100 2000 88.83 4.173849 1
3200 2000 26.33 3.943801 1
3300 2000 25.67 3.825877 1
3400 2000 25.05 359.21451 -1
3500 2000 24.45 351.56142 -1
3600 2000 23.87 3.553485 1
3700 2000 23.32 3.359025 1
3800 2000 22.80 330.19775 -1
3900 2000 22.29 323.53510 -1
4000 2000 21.81 317.09258 -1
500 2000 36.25 7.02935 -1
600 2000 33.71 7.03006 -1
700 2000 30.99 7.04296 -1
800 2000 28.60 7.01171 -1
900 2000 26.52 6.93866 -1
1000 2100 25.76 6.39292 -1
1100 2100 23.72 6.32284 -1
1200 2100 21.93 6.22818 -1
1300 2100 20.02 6.12655 -1
1400 2100 17.93 6.03313 -1
1500 2100 16.47 5.892050 1
1600 2100 46.15 1566.24863 -1
1700 2100 12.39 5.902347 1
1800 2100 10.25 5.910241 1
1900 2100 8.68 5.968624 1
2000 2100 90.00 7.01341 -1
2100 2100 88.19 6.48447 -1
2200 2100 88.19 6.10823 -1
2300 2100 1.57 5.902101 1
2400 2100 0.79 5.993586 1
2500 2100 0.18 5.947407 1
2600 2100 0.03 5.249754 1
2700 2100 0.25 5.920607 1
2800 2100 90.00 4.579645 1
2900 2100 29.94 417.65032 -1
3000 2100 29.16 4.056974 1
3100 2100 28.41 3.952554 1
3200 2100 90.00 3.923675 1
3300 2100 27.02 383.52096 -1
3400 2100 26.37 3.672571 1
3500 2100 25.75 367.85973 -1
3600 2100 25.15 360.36690 -1
3700 2100 24.58 3.360218 1
3800 2100 90.00 3.371774 1
3900 2100 90.00 3.184926 1
4000 2100 23.00 332.80762 -1
500 2100 37.33 6.48074 -1
600 2100 34.81 6.50686 -1
700 2100 32.59 6.48368 -1
800 2100 30.18 6.47630 -1
900 2100 28.06 6.43367 -1
1000 2200 27.22 5.961480 1
1100 2200 25.14 5.917010 1
1200 2200 22.81 5.994312 1
1300 2200 21.22 5.895974 1
1400 2200 18.61 5.964709 1
1500 2200 16.62 5.986472 1
1600 2200 14.91 5.870725 1
1700 2200 12.92 5.882626 1
1800 2200 11.11 5.878832 1
1900 2200 9.47 5.862481 1
2000 2200 7.62 5.856177 1
2100 2200 5.45 5.985792 1
2200 2200 3.90 5.957538 1
2300 2200 43.86 5.857152 1
2400 2200 89.99 493.01923 -1
2500 2200 0.11 5.698975 1
2600 2200 3.66 4.416408 1
2700 2200 0.14 5.008777 1
2800 2200 90.00 4.682088 1
2900 2200 0.21 4.246750 1
3000 2200 30.54 4.140459 1
3100 2200 29.77 3.853879 1
3200 2200 90.00 3.830685 1
3300 2200 29.77 3.792109 1
3400 2200 27.66 391.01148 -1
3500 2200 27.02 3.520443 1
3600 2200 26.40 3.439082 1
3700 2200 25.81 368.48616 -1
3800 2200 25.25 361.44896 -1
3900 2200 24.70 3.247905 1
4000 2200 90.00 3.126304 1
500 2200 38.38 5.994109 1
600 2200 35.87 6.03572 -1
700 2200 33.65 6.03777 -1
800 2200 31.69 6.00092 -1
900 2200 29.54 5.980488 1
1000 2300 27.19 5.999123 1
1100 2300 25.10 5.964944 1
1200 2300 23.23 5.908500 1
1300 2300 21.08 5.980988 1
1400 2300 19.31 5.891350 1
1500 2300 17.28 5.929767 1
1600 2300 15.05 5.974000 1
1700 2300 13.39 5.979632 1
1800 2300 11.52 5.992083 1
1900 2300 9.93 5.860220 1
2000 2300 7.92 5.996982 1
2100 2300 6.17 5.991271 1
2200 2300 4.90 5.958191 1
2300 2300 3.08 5.949028 1
2400 2300 1.72 5.915025 1
2500 2300 0.48 5.873947 1
2600 2300 0.32 5.994154 1
2700 2300 0.08 5.940167 1
2800 2300 0.32 5.988308 1
2900 2300 0.17 5.930658 1
3000 2300 0.03 5.960655 1
3100 2300 90.00 3.940495 1
3200 2300 0.07 3.682236 1
3300 2300 29.62 3.599189 1
3400 2300 28.93 405.58008 -1
3500 2300 90.00 3.544423 1
3600 2300 27.63 390.35362 -1
3700 2300 27.02 383.06975 -1
3800 2300 26.43 375.98700 -1
3900 2300 25.87 3.152499 1
4000 2300 25.33 1.144809 1
500 2300 38.39 5.849002 1
600 2300 36.34 5.875457 1
700 2300 34.12 5.894145 1
800 2300 31.74 5.905435 1
900 2300 60.20 5.880489 1
1000 2400 59.41 5.883825 1
1100 2400 25.58 5.861146 1
1200 2400 23.19 5.970393 1
1300 2400 21.50 5.904262 1
1400 2400 19.56 5.966791 1
1500 2400 17.96 5.867821 1
1600 2400 15.69 5.924040 1
1700 2400 13.98 5.945033 1
1800 2400 12.07 5.970526 1
1900 2400 10.32 5.982801 1
2000 2400 8.72 5.983708 1
2100 2400 6.91 5.989263 1
2200 2400 5.59 5.969418 1
2300 2400 4.05 5.954987 1
2400 2400 2.64 5.932076 1
2500 2400 1.34 5.901841 1
2600 2400 0.27 5.876415 1
2700 2400 0.02 5.990712 1
2800 2400 0.28 5.947592 1
2900 2400 0.14 5.957378 1
3000 2400 0.28 5.995639 1
3100 2400 0.14 5.976394 1
3200 2400 0.01 5.856514 1
3300 2400 0.17 5.924039 1
3400 2400 30.16 5.999532 1
3500 2400 29.48 5.833908 1
3600 2400 28.82 3.304781 1
3700 2400 19.48 5.910522 1
3800 2400 27.59 5.842392 1
3900 2400 27.01 382.90883 -1
4000 2400 26.46 3.046674 1
500 2400 37.95 5.859443 1
600 2400 35.90 5.900122 1
700 2400 33.69 5.931568 1
800 2400 31.33 5.955440 1
900 2400 29.59 5.926055 1
1000 2500 27.30 5.969018 1
1100 2500 29.16 5.915412 1
1200 2500 23.68 5.876110 1
1300 2500 21.47 5.979373 1
1400 2500 19.94 5.905442 1
1500 2500 17.82 5.974369 1
1600 2500 16.37 5.868919 1
1700 2500 14.60 5.904076 1
1800 2500 12.65 5.941482 1
1900 2500 10.86 5.966130 1
2000 2500 9.20 5.979194 1
2100 2500 7.69 5.981495 1
2200 2500 6.31 5.974439 1
2300 2500 4.72 5.969875 1
2400 2500 3.26 5.956604 1
2500 2500 1.90 5.935622 1
2600 2500 0.65 5.908053 1
2700 2500 0.07 5.883572 1
2800 2500 0.24 5.844164 1
2900 2500 0.11 5.936271 1
3000 2500 0.25 5.929380 1
3100 2500 0.11 5.921600 1
3200 2500 0.29 5.995260 1
3300 2500 0.15 5.887345 1
3400 2500 0.02 5.972550 1
3500 2500 0.16 3.344883 1
3600 2500 90.00 3.319637 1
3700 2500 90.00 3.220483 1
3800 2500 28.73 402.82739 -1
3900 2500 28.13 3.063394 1
4000 2500 27.56 389.26624 -1
500 2500 37.56 5.875639 1
600 2500 35.52 5.928636 1
700 2500 33.32 5.970652 1
800 2500 31.35 5.985086 1
900 2500 29.21 5.990440 1
1000 2600 27.82 5.862088 1
1100 2600 25.59 5.995990 1
1200 2600 28.45 5.949730 1
1300 2600 21.96 5.893987 1
1400 2600 19.91 5.993156 1
1500 2600 18.56 5.904690 1
1600 2600 16.59 5.969458 1
1700 2600 15.26 5.858464 1
1800 2600 13.27 5.906503 1
1900 2600 6.62 5.981227 1
2000 2600 10.06 5.955273 1
2100 2600 8.50 5.969634 1
2200 2600 6.74 5.984171 1
2300 2600 5.43 5.979204 1
2400 2600 3.91 5.975341 1
2500 2600 2.51 5.963506 1
2600 2600 1.21 5.944513 1
2700 2600 0.01 5.919156 1
2800 2600 0.19 5.888525 1
2900 2600 0.07 5.859263 1
3000 2600 0.22 5.925523 1
3100 2600 0.09 5.976258 1
3200 2600 0.28 5.971099 1
3300 2600 0.09 5.876336 1
3400 2600 0.25 5.948670 1
3500 2600 0.12 5.862186 1
3600 2600 0.04 3.385472 1
3700 2600 89.37 3.153809 1
3800 2600 89.93 3.093412 1
3900 2600 29.23 408.21053 -1
4000 2600 28.64 2.950351 1
500 2600 37.22 5.898941 1
600 2600 34.81 5.975885 1
700 2600 33.50 5.842966 1
800 2600 31.52 5.868489 1
900 2600 29.39 5.884911 1
1000 2700 27.52 5.931700 1
1100 2700 25.77 5.912073 1
1200 2700 24.20 5.871785 1
1300 2700 21.98 5.986414 1
1400 2700 20.40 5.916044 1
1500 2700 18.97 5.845863 1
1600 2700 16.97 5.921045 1
1700 2700 15.13 5.983198 1
1800 2700 13.91 5.867164 1
1900 2700 12.36 5.903327 1
2000 2700 10.62 5.938481 1
2100 2700 9.01 5.963171 1
2200 2700 7.52 5.977989 1
2300 2700 5.85 5.991665 1
2400 2700 4.60 5.989090 1
2500 2700 3.15 5.986010 1
2600 2700 1.80 5.975582 1
2700 2700 0.55 5.958494 1
2800 2700 0.27 5.935516 1
2900 2700 0.02 5.907416 1
3000 2700 0.18 5.873022 1
3100 2700 0.06 5.887433 1
3200 2700 0.06 5.887433 1
3300 2700 0.07 5.847261 1
3400 2700 0.24 5.910432 1
3500 2700 0.24 5.890649 1
3600 2700 32.24 3.489854 1
3700 2700 31.57 3.568973 1
3800 2700 0.23 3.222483 1
3900 2700 30.30 419.45885 -1
4000 2700 29.70 2.897405 1
500 2700 36.57 5.939867 1
600 2700 35.05 5.835871 1
700 2700 33.22 5.883500 1
800 2700 27.76 6.57789 -1
900 2700 29.46 5.930156 1
1000 2800 27.76 5.830074 1
1100 2800 25.50 5.993277 1
1200 2800 23.91 5.963497 1
1300 2800 22.49 5.914418 1
1400 2800 20.90 5.854314 1
1500 2800 18.97 5.943639 1
1600 2800 17.72 5.858394 1
1700 2800 15.84 5.930981 1
1800 2800 14.11 5.992217 1
1900 2800 12.98 5.872157 1
2000 2800 11.20 5.916760 1
2100 2800 9.55 5.951108 1
2200 2800 8.03 5.975736 1
2300 2800 6.62 5.991575 1
2400 2800 5.32 5.999533 1
2500 2800 4.27 5.837359 1
2600 2800 2.88 5.835323 1
2700 2800 1.43 5.989394 1
2800 2800 0.10 5.976591 1
2900 2800 0.10 5.956754 1
3000 2800 0.26 5.931169 1
3100 2800 0.02 5.874294 1
3200 2800 0.26 5.949847 1
3300 2800 0.04 4.688543 1
3400 2800 0.23 3.944383 1
3500 2800 0.39 3.861613 1
3600 2800 0.25 3.665187 1
3700 2800 0.12 3.538623 1
3800 2800 0.24 3.159404 1
3900 2800 1.02 3.140955 1
4000 2800 0.21 2.874764 1
500 2800 36.33 5.978220 1
600 2800 34.81 5.873411 1
700 2800 32.64 5.938577 1
800 2800 31.00 5.973741 1
900 2800 29.22 5.994915 1
1000 2900 27.55 5.897464 1
1100 2900 26.10 5.889648 1
1200 2900 24.48 5.870758 1
1300 2900 23.02 5.834767 1
1400 2900 20.93 5.961058 1
1500 2900 19.46 5.893586 1
1600 2900 17.69 5.973324 1
1700 2900 16.25 5.884003 1
1800 2900 14.49 5.954789 1
1900 2900 13.32 5.843868 1
2000 2900 11.81 5.891430 1
2100 2900 10.13 5.934564 1
2200 2900 8.56 5.968358 1
2300 2900 7.11 5.993399 1
2400 2900 6.22 5.840034 1
2500 2900 4.97 5.848662 1
2600 2900 3.54 5.854096 1
2700 2900 2.48 5.850008 1
2800 2900 1.23 5.842903 1
2900 2900 0.06 5.830328 1
3000 2900 0.22 5.982888 1
3100 2900 90.00 5.217639 1
3200 2900 90.00 9.46052 -1
3300 2900 89.96 3.895880 1
3400 2900 90.00 37.77350 -1
3500 2900 0.10 3.944201 1
3600 2900 90.00 3.854439 1
3700 2900 39.18 1312.10639 -1
3800 2900 0.20 5.888469 1
3900 2900 90.00 3.732768 1
4000 2900 0.19 3.172910 1
500 2900 36.30 5.835960 1
600 2900 34.29 5.923915 1
700 2900 32.45 5.991184 1
800 2900 31.30 5.851094 1
900 2900 29.50 5.880684 1
1000 3000 27.38 5.971456 1
1100 3000 25.91 5.972629 1
1200 3000 24.27 5.960262 1
1300 3000 22.79 5.931676 1
1400 3000 21.46 5.888411 1
1500 3000 19.96 5.835138 1
1600 3000 18.14 5.939053 1
1700 3000 17.00 5.828991 1
1800 3000 15.20 5.908938 1
1900 3000 13.53 5.979421 1
2000 3000 12.45 5.863285 1
2100 3000 10.73 5.914421 1
2200 3000 9.42 5.954392 1
2300 3000 7.93 5.988609 1
2400 3000 6.99 5.840470 1
2500 3000 5.41 5.859866 1
2600 3000 4.22 5.870380 1
2700 3000 3.12 5.875168 1
2800 3000 1.83 5.874752 1
2900 3000 0.61 5.868723 1
3000 3000 0.33 5.857570 1
3100 3000 0.07 5.841814 1
3200 3000 0.21 5.964018 1
3300 3000 0.09 5.941205 1
3400 3000 0.21 4.270608 1
3500 3000 0.47 4.863256 1
3600 3000 90.00 4.079869 1
3700 3000 34.70 3.674610 1
3800 3000 0.47 4.705929 1
3900 3000 0.82 4.000795 1
4000 3000 0.19 3.109310 1
500 3000 35.84 5.883562 1
600 3000 34.14 5.979426 1
700 3000 32.80 5.859490 1
800 3000 30.83 5.915005 1
900 3000 29.02 5.952362 1
1000 3100 27.73 5.861788 1
1100 3100 26.23 5.872070 1
1200 3100 24.58 5.868041 1
1300 3100 23.08 5.848865 1
1400 3100 21.25 5.997161 1
1500 3100 20.03 5.947313 1
1600 3100 18.64 5.886429 1
1700 3100 16.97 5.983905 1
1800 3100 15.64 5.864735 1
1900 3100 13.94 5.943329 1
2000 3100 12.82 5.834611 1
2100 3100 11.36 5.891953 1
2200 3100 9.72 5.942083 1
2300 3100 1.05 5.923612 1
2400 3100 7.50 5.840762 1
2500 3100 6.17 5.866258 1
2600 3100 4.93 5.885288 1
2700 3100 3.51 5.897414 1
2800 3100 2.45 5.904480 1
2900 3100 1.20 5.904859 1
3000 3100 0.03 5.900003 1
3100 3100 0.97 5.890329 1
3200 3100 0.31 5.013085 1
3300 3100 90.00 514.94683 -1
3400 3100 20.85 507.28056 -1
3500 3100 90.00 3.713299 1
3600 3100 89.25 492.37608 -1
3700 3100 89.64 4.086032 1
3800 3100 0.21 3.861443 1
3900 3100 4.02 1.012361 1
4000 3100 90.00 3.330298 1
500 3100 35.43 5.937942 1
600 3100 34.22 5.840669 1
700 3100 32.38 5.921534 1
800 3100 30.71 5.984338 1
900 3100 29.39 5.834937 1
1000 3200 27.63 5.942515 1
1100 3200 26.12 5.959925 1
1200 3200 24.45 5.960281 1
1300 3200 23.22 5.947306 1
1400 3200 21.84 5.919374 1
1500 3200 20.29 5.879252 1
1600 3200 19.16 5.827607 1
1700 3200 17.43 5.941695 1
1800 3200 16.06 5.849861 1
1900 3200 14.66 5.904472 1
2000 3200 13.05 5.982912 1
2100 3200 12.01 5.868239 1
2200 3200 10.34 5.925305 1
2300 3200 9.05 5.976372 1
2400 3200 8.03 5.837682 1
2500 3200 6.67 5.870750 1
2600 3200 5.39 5.897348 1
2700 3200 4.21 5.917967 1
2800 3200 2.84 5.929953 1
2900 3200 1.81 5.939477 1
3000 3200 0.60 5.940514 1
3100 3200 0.31 5.762795 1
3200 3200 0.04 5.441686 1
3300 3200 39.66 5.156058 1
3400 3200 38.87 4.681754 1
3500 3200 89.59 3.743068 1
3600 3200 0.02 501.76712 -1
3700 3200 90.00 11.58275 -1
3800 3200 90.00 3.691997 1
3900 3200 0.02 3.506714 1
4000 3200 0.42 3.253318 1
500 3200 35.57 5.791532 1
600 3200 33.86 5.901955 1
700 3200 32.02 5.989973 1
800 3200 30.82 5.857501 1
900 3200 26.99 10.14691 -1
1000 3300 28.04 5.832924 1
1100 3300 26.51 5.857078 1
1200 3300 24.83 5.863730 1
1300 3300 23.57 5.859757 1
1400 3300 22.16 5.839760 1
1500 3300 20.41 5.998203 1
1600 3300 18.97 5.948871 1
1700 3300 17.93 5.891777 1
1800 3300 16.07 5.995989 1
1900 3300 15.07 5.899517 1
2000 3300 14.37 5.982040 1
2100 3300 12.40 5.840788 1
2200 3300 10.98 5.907355 1
2300 3300 9.65 5.967486 1
2400 3300 8.60 5.832466 1
2500 3300 7.20 5.872484 1
2600 3300 5.89 5.906131 1
2700 3300 4.66 5.933781 1
2800 3300 3.52 5.955998 1
2900 3300 2.45 5.973370 1
3000 3300 1.21 5.979967 1
3100 3300 0.03 5.981681 1
3200 3300 0.17 5.978842 1
3300 3300 89.98 5.977979 1
3400 3300 39.83 5.754859 1
3500 3300 0.16 4.496527 1
3600 3300 89.98 4.308236 1
3700 3300 0.04 4.050622 1
3800 3300 5.26 0.989935 1
3900 3300 3.79 2.950731 1
4000 3300 2.15 3.055482 1
500 3300 35.27 5.852367 1
600 3300 33.55 5.972065 1
700 3300 32.48 5.861142 1
800 3300 30.79 5.936933 1
900 3300 28.96 5.990282 1
1000 3400 27.73 5.917288 1
1100 3400 26.18 5.947114 1
1200 3400 24.77 5.963487 1
1300 3400 23.48 5.966220 1
1400 3400 22.05 5.950027 1
1500 3400 20.74 5.923118 1
1600 3400 19.55 5.885725 1
1700 3400 18.20 5.833276 1
1800 3400 16.56 5.952996 1
1900 3400 15.52 5.866124 1
2000 3400 13.88 5.952261 1
2100 3400 14.51 5.759311 1
2200 3400 11.37 5.884143 1
2300 3400 10.01 5.951371 1
2400 3400 9.19 5.825440 1
2500 3400 7.75 5.872089 1
2600 3400 6.41 5.912577 1
2700 3400 5.15 5.947163 1
2800 3400 3.97 5.976219 1
2900 3400 3.29 5.815894 1
3000 3400 2.26 5.833614 1
3100 3400 1.05 5.840924 1
3200 3400 42.38 5.843656 1
3300 3400 0.28 5.848522 1
3400 3400 0.03 5.083057 1
3500 3400 0.15 4.721991 1
3600 3400 0.25 4.608188 1
3700 3400 0.13 4.148876 1
3800 3400 89.86 3.455332 1
3900 3400 89.86 3.316241 1
4000 3400 90.00 3.215314 1
500 3400 35.02 5.924482 1
600 3400 33.78 5.829933 1
700 3400 32.20 5.938259 1
800 3400 28.45 12.14358 -1
900 3400 29.42 5.873904 1
1000 3500 28.20 5.808635 1
1100 3500 26.64 5.843507 1
1200 3500 25.20 5.865698 1
1300 3500 23.89 5.875595 1
1400 3500 22.44 5.865967 1
1500 3500 21.10 5.846082 1
1600 3500 19.87 5.816513 1
1700 3500 18.32 5.969257 1
1800 3500 17.07 5.907420 1
1900 3500 16.00 5.828605 1
2000 3500 14.33 5.923306 1
2100 3500 13.47 5.823706 1
2200 3500 14.50 5.603485 1
2300 3500 10.66 5.939437 1
2400 3500 9.54 5.811591 1
2500 3500 8.33 5.870418 1
2600 3500 6.95 5.917097 1
2700 3500 5.91 5.966239 1
2800 3500 5.12 5.813927 1
2900 3500 3.73 5.835900 1
3000 3500 2.66 5.859962 1
3100 3500 1.66 5.879747 1
3200 3500 0.49 5.887270 1
3300 3500 0.03 5.719194 1
3400 3500 9.35 3.006459 1
3500 3500 0.27 4.982579 1
3600 3500 0.02 4.634652 1
3700 3500 0.13 4.336593 1
3800 3500 90.00 489.78775 -1
3900 3500 90.00 11.47038 -1
4000 3500 89.95 3.261623 1
500 3500 35.29 5.777991 1
600 3500 33.56 5.908751 1
700 3500 32.45 5.802705 1
800 3500 30.74 5.888639 1
900 3500 29.17 5.961523 1
1000 3600 27.98 5.899777 1
1100 3600 26.65 5.951887 1
1200 3600 25.20 5.978557 1
1300 3600 23.87 5.993263 1
1400 3600 22.39 5.985021 1
1500 3600 21.03 5.967838 1
1600 3600 19.78 5.940752 1
1700 3600 18.65 5.904052 1
1800 3600 17.62 5.857903 1
1900 3600 16.06 5.984054 1
2000 3600 14.81 5.890122 1
2100 3600 13.47 5.993317 1
2200 3600 12.42 5.880752 1
