1000 2100 25.76 6.392923 1
1100 2100 23.72 6.322845 1
1200 2100 21.93 6.228188 1
1300 2100 20.02 6.126553 1
1400 2100 17.93 6.033134 1
1500 2100 16.47 5.892050 0
1600 2100 44.56 9.342802 1
1700 2100 12.39 5.902347 0
1800 2100 10.25 5.910241 0
1900 2100 8.68 5.968624 0
2000 2100 6.88 5.857907 0
2100 2100 4.78 5.971444 0
2200 2100 37.77 6.110131 1
2300 2100 1.57 5.902101 0
2400 2100 0.34 5.993586 0
2500 2100 10.72 5.881441 0
2600 2100 9.49 5.864418 0
2700 2100 8.34 5.846390 0
2800 2100 7.25 5.827861 0
2900 2100 6.23 5.809134 0
3000 2100 5.28 5.790471 0
3100 2100 4.06 5.986758 0
3200 2100 3.09 5.944290 0
3300 2100 2.29 5.927560 0
3400 2100 1.43 5.885519 0
3500 2100 0.60 5.843937 0
3600 2100 90.00 5.828712 0
3700 2100 0.05 5.210882 0
3800 2100 0.14 4.724834 0
3900 2100 0.00 4.564199 0
4000 2100 0.02 4.096633 0
600 2100 34.81 6.506869 1
700 2100 32.59 6.483688 1
800 2100 30.18 6.476301 1
900 2100 28.06 6.433674 1
1000 2200 27.22 5.961480 0
1100 2200 25.14 5.917010 0
1200 2200 22.81 5.994312 0
1300 2200 21.22 5.895974 0
1400 2200 18.61 5.964709 0
1500 2200 16.62 5.986472 0
1600 2200 14.91 5.870725 0
1700 2200 12.92 5.882626 0
1800 2200 11.11 5.878832 0
1900 2200 9.47 5.862481 0
2000 2200 7.62 5.856177 0
2100 2200 5.45 5.985792 0
2200 2200 3.90 5.957538 0
2300 2200 38.14 5.857152 0
2400 2200 26.32 493.019239 1
2500 2200 11.98 5.826983 0
2600 2200 10.85 5.834922 0
2700 2200 9.66 5.822009 0
2800 2200 8.54 5.808277 0
2900 2200 7.49 5.794042 0
3000 2200 6.18 5.996220 0
3100 2200 5.24 5.982724 0
3200 2200 4.24 5.943422 0
3300 2200 8.52 3.610669 0
3400 2200 2.52 5.890628 0
3500 2200 1.78 5.878099 0
3600 2200 0.97 5.838945 0
3700 2200 0.32 5.827571 0
3800 2200 0.14 5.380683 0
3900 2200 4.22 3.305163 0
4000 2200 0.06 4.551455 0
600 2200 35.87 6.035725 1
700 2200 33.65 6.037776 1
800 2200 31.69 6.000922 1
900 2200 29.54 5.980488 0
1000 2300 27.19 5.999123 0
1100 2300 25.10 5.964944 0
1200 2300 23.23 5.908500 0
1300 2300 21.08 5.980988 0
1400 2300 19.31 5.891350 0
1500 2300 17.28 5.929767 0
1600 2300 15.05 5.974000 0
1700 2300 13.39 5.979632 0
1800 2300 11.52 5.992083 0
1900 2300 9.93 5.860220 0
2000 2300 7.92 5.996982 0
2100 2300 6.17 5.991271 0
2200 2300 4.90 5.958191 0
2300 2300 90.00 518.660272 1
2400 2300 1.72 5.915025 0
2500 2300 90.00 496.406754 1
2600 2300 11.59 5.973323 0
2700 2300 10.51 5.989249 0
2800 2300 9.37 5.980550 0
2900 2300 8.29 5.971154 0
3000 2300 7.27 5.961315 0
3100 2300 6.31 5.951255 0
3200 2300 5.40 5.941348 0
3300 2300 4.54 5.931690 0
3400 2300 3.61 5.894457 0
3500 2300 5.59 4.322977 0
3600 2300 2.12 5.876300 0
3700 2300 6.55 3.397301 0
3800 2300 0.56 5.802517 0
3900 2300 0.22 5.577275 0
4000 2300 0.06 5.164769 0
600 2300 90.00 5.726370 0
700 2300 35.09 5.604566 0
800 2300 31.74 5.905435 0
900 2300 60.20 5.880489 0
1000 2400 59.41 5.215247 0
1100 2400 25.58 5.861146 0
1200 2400 23.19 5.970393 0
1300 2400 21.50 5.904262 0
1400 2400 19.56 5.966791 0
1500 2400 17.96 5.867821 0
1600 2400 15.69 5.924040 0
1700 2400 13.98 5.945033 0
1800 2400 12.07 5.970526 0
1900 2400 10.32 5.982801 0
2000 2400 8.72 5.983708 0
2100 2400 6.91 5.989263 0
2200 2400 5.59 5.969418 0
2300 2400 4.05 5.954987 0
2400 2400 2.64 5.932076 0
2500 2400 42.65 5.379866 0
2600 2400 89.92 499.580621 1
2700 2400 11.69 5.941332 0
2800 2400 10.51 5.936646 0
2900 2400 9.41 5.931029 0
3000 2400 8.48 5.951437 0
3100 2400 7.49 5.945297 0
3200 2400 6.55 5.938937 0
3300 2400 5.66 5.932546 0
3400 2400 4.71 5.897903 0
3500 2400 3.91 5.891418 0
3600 2400 3.16 5.885385 0
3700 2400 2.87 803.419118 1
3800 2400 1.66 5.844778 0
3900 2400 0.91 5.809984 0
4000 2400 0.29 5.805414 0
600 2400 89.03 5.900122 0
700 2400 36.07 5.239013 0
800 2400 31.33 5.955440 0
900 2400 29.59 5.926055 0
1000 2500 27.30 5.969018 0
1100 2500 90.00 5.223495 0
1200 2500 23.68 5.876110 0
1300 2500 21.47 5.979373 0
1400 2500 19.94 5.905442 0
1500 2500 17.82 5.974369 0
1600 2500 16.37 5.868919 0
1700 2500 14.60 5.904076 0
1800 2500 12.65 5.941482 0
1900 2500 10.86 5.966130 0
2000 2500 9.20 5.979194 0
2100 2500 7.69 5.981495 0
2200 2500 6.31 5.974439 0
2300 2500 4.72 5.969875 0
2400 2500 3.26 5.956604 0
2500 2500 15.20 5.842333 0
2600 2500 90.00 400.744597 1
2700 2500 90.00 387.795894 1
2800 2500 11.53 5.866570 0
2900 2500 10.52 5.889929 0
3000 2500 9.57 5.914199 0
3100 2500 8.55 5.911238 0
3200 2500 7.58 5.907869 0
3300 2500 6.67 5.904430 0
3400 2500 5.80 5.900973 0
3500 2500 10.23 3.403913 0
3600 2500 4.19 5.894316 0
3700 2500 3.35 5.860961 0
3800 2500 2.64 5.858043 0
3900 2500 1.87 5.824694 0
4000 2500 7.95 2.878421 0
600 2500 35.52 5.928636 0
700 2500 33.32 5.970652 0
800 2500 31.35 5.985086 0
900 2500 29.21 5.990440 0
1000 2600 27.82 5.862088 0
1100 2600 25.59 5.995990 0
1200 2600 28.45 4.605025 0
1300 2600 21.96 5.893987 0
1400 2600 19.91 5.993156 0
1500 2600 18.56 5.904690 0
1600 2600 16.59 5.969458 0
1700 2600 15.26 5.858464 0
1800 2600 13.27 5.906503 0
1900 2600 6.62 5.981227 0
2000 2600 10.06 5.955273 0
2100 2600 8.50 5.969634 0
2200 2600 6.74 5.984171 0
2300 2600 5.43 5.979204 0
2400 2600 3.91 5.975341 0
2500 2600 15.95 5.983681 0
2600 2600 15.05 5.790507 0
2700 2600 13.88 5.818815 0
2800 2600 90.00 505.029259 1
2900 2600 89.71 4.499080 0
3000 2600 10.64 5.876205 0
3100 2600 9.60 5.876365 0
3200 2600 8.61 5.876007 0
3300 2600 7.78 5.904646 0
3400 2600 6.89 5.904176 0
3500 2600 6.04 5.903713 0
3600 2600 5.12 5.872282 0
3700 2600 4.36 5.871488 0
3800 2600 3.63 5.871134 0
3900 2600 7.03 3.613526 0
4000 2600 2.17 5.839042 0
600 2600 90.00 5.975885 0
700 2600 33.50 5.842966 0
800 2600 31.52 5.868489 0
900 2600 29.39 5.884911 0
1000 2700 27.52 5.931700 0
1100 2700 25.77 5.912073 0
1200 2700 24.20 5.871785 0
1300 2700 90.00 5.231360 0
1400 2700 20.40 5.916044 0
1500 2700 18.97 5.845863 0
1600 2700 16.97 5.921045 0
1700 2700 15.13 5.983198 0
1800 2700 13.91 5.867164 0
1900 2700 12.36 5.903327 0
2000 2700 10.62 5.938481 0
2100 2700 9.01 5.963171 0
2200 2700 7.52 5.977989 0
2300 2700 5.85 5.991665 0
2400 2700 4.60 5.989090 0
2500 2700 17.02 5.900100 0
2600 2700 15.77 5.936269 0
2700 2700 14.59 5.972041 0
2800 2700 13.78 5.775623 0
2900 2700 38.61 507.242758 1
3000 2700 90.00 498.373596 1
3100 2700 90.00 489.571915 1
3200 2700 90.00 1.056878 0
3300 2700 8.78 5.875180 0
3400 2700 7.86 5.877178 0
3500 2700 4.52 5.852551 0
3600 2700 6.16 5.880728 0
3700 2700 5.37 5.882448 0
3800 2700 9.98 3.224693 0
3900 2700 3.79 5.853882 0
4000 2700 3.11 5.855767 0
600 2700 35.05 5.835871 0
700 2700 33.22 5.883500 0
800 2700 27.76 6.577898 1
900 2700 29.46 5.930156 0
1000 2800 27.76 5.830074 0
1100 2800 25.50 5.993277 0
1200 2800 23.91 5.963497 0
1300 2800 22.49 5.914418 0
1400 2800 20.90 5.854314 0
1500 2800 18.97 5.943639 0
1600 2800 17.72 5.858394 0
1700 2800 15.84 5.930981 0
1800 2800 14.11 5.992217 0
1900 2800 12.98 5.872157 0
2000 2800 11.20 5.916760 0
2100 2800 9.55 5.951108 0
2200 2800 8.03 5.975736 0
2300 2800 6.62 5.991575 0
2400 2800 5.32 5.999533 0
2500 2800 18.08 5.817441 0
2600 2800 16.81 5.856497 0
2700 2800 15.73 5.924019 0
2800 2800 11.22 5.839382 0
2900 2800 13.39 5.971486 0
3000 2800 12.66 5.771580 0
3100 2800 11.69 5.805790 0
3200 2800 37.12 492.375953 1
3300 2800 9.77 5.845369 0
3400 2800 8.83 5.849694 0
3500 2800 7.94 5.853693 0
3600 2800 7.09 5.857475 0
3700 2800 6.27 5.861136 0
3800 2800 5.50 5.865020 0
3900 2800 4.76 5.868979 0
4000 2800 4.05 5.873075 0
600 2800 70.98 5.873411 0
700 2800 90.00 4.603436 0
800 2800 89.96 4.352134 0
900 2800 90.00 4.209630 0
1000 2900 27.55 5.897464 0
1100 2900 26.10 5.889648 0
1200 2900 24.48 5.870758 0
1300 2900 23.02 5.834767 0
1400 2900 20.93 5.961058 0
1500 2900 19.46 5.893586 0
1600 2900 17.69 5.973324 0
1700 2900 16.25 5.884003 0
1800 2900 14.49 5.954789 0
1900 2900 13.32 5.843868 0
2000 2900 11.81 5.891430 0
2100 2900 10.13 5.934564 0
2200 2900 8.56 5.968358 0
2300 2900 7.11 5.993399 0
2400 2900 6.22 5.840034 0
2500 2900 18.81 5.970565 0
2600 2900 17.84 5.777666 0
2700 2900 16.73 5.847698 0
2800 2900 15.57 5.889264 0
2900 2900 14.47 5.930824 0
3000 2900 13.43 5.972677 0
3100 2900 12.32 5.981790 0
3200 2900 83.69 502.991331 1
3300 2900 90.00 494.857173 1
3400 2900 90.00 72.902339 1
3500 2900 8.89 5.827988 0
3600 2900 13.88 3.096678 0
3700 2900 90.00 195.254903 1
3800 2900 6.48 5.878621 0
3900 2900 5.72 5.884768 0
4000 2900 4.99 5.890971 0
600 2900 71.65 5.923915 0
700 2900 34.82 5.185403 0
800 2900 90.00 4.531576 0
900 2900 90.00 3.979629 0
1000 3000 35.65 3.735711 0
1100 3000 25.91 5.972629 0
1200 3000 24.27 5.960262 0
1300 3000 22.79 5.931676 0
1400 3000 21.46 5.888411 0
1500 3000 90.00 3.913022 0
1600 3000 89.27 4.646556 0
1700 3000 17.00 5.828991 0
1800 3000 15.20 5.908938 0
1900 3000 13.53 5.979421 0
2000 3000 12.45 5.863285 0
2100 3000 10.73 5.914421 0
2200 3000 9.42 5.954392 0
2300 3000 7.93 5.988609 0
2400 3000 6.99 5.840470 0
2500 3000 19.73 5.857690 0
2600 3000 18.55 5.936628 0
2700 3000 17.73 5.772386 0
2800 3000 16.55 5.816051 0
2900 3000 15.43 5.859668 0
3000 3000 14.37 5.903367 0
3100 3000 13.35 5.947476 0
3200 3000 90.00 512.918686 1
3300 3000 90.00 4.029405 0
3400 3000 90.00 3.876689 0
3500 3000 90.00 3.699471 0
3600 3000 9.04 5.843175 0
3700 3000 8.18 5.851118 0
3800 3000 7.36 5.858899 0
3900 3000 6.58 5.866590 0
4000 3000 5.84 5.874260 0
600 3000 72.28 5.979426 0
700 3000 32.80 5.859490 0
800 3000 68.70 4.645766 0
900 3000 37.32 3.716578 0
1000 3100 27.73 5.861788 0
1100 3100 34.93 3.561506 0
1200 3100 24.58 5.868041 0
1300 3100 23.08 5.848865 0
1400 3100 21.25 5.997161 0
1500 3100 20.03 5.947313 0
1600 3100 56.93 3.546249 0
1700 3100 22.96 4.160679 0
1800 3100 15.64 5.864735 0
1900 3100 13.94 5.943329 0
2000 3100 12.82 5.834611 0
2100 3100 11.36 5.891953 0
2200 3100 9.72 5.942083 0
2300 3100 90.00 30.645432 1
2400 3100 7.50 5.840762 0
2500 3100 20.75 5.776886 0
2600 3100 19.55 5.857840 0
2700 3100 18.31 5.907677 0
2800 3100 17.23 5.991366 0
2900 3100 90.00 3801.377801 1
3000 3100 15.30 5.834786 0
3100 3100 14.27 5.880593 0
3200 3100 13.28 5.926874 0
3300 3100 90.00 4.117627 0
3400 3100 90.00 506.882423 1
3500 3100 90.00 3.776890 0
3600 3100 37.13 491.909703 1
3700 3100 9.08 5.829679 0
3800 3100 8.25 5.839032 0
3900 3100 7.54 5.883672 0
4000 3100 6.77 5.893251 0
600 3100 35.18 5.652808 0
700 3100 34.70 5.094600 0
800 3100 90.00 4.652172 0
900 3100 90.00 4.126354 0
1000 3200 89.42 3.591843 0
1100 3200 90.00 3.610519 0
1200 3200 24.45 5.960281 0
1300 3200 23.22 5.947306 0
1400 3200 21.84 5.919374 0
1500 3200 20.29 5.879252 0
1600 3200 19.16 5.827607 0
1700 3200 56.48 3.382542 0
1800 3200 22.59 3.939984 0
1900 3200 14.66 5.904472 0
2000 3200 13.05 5.982912 0
2100 3200 12.01 5.868239 0
2200 3200 10.34 5.925305 0
2300 3200 9.05 5.976372 0
2400 3200 8.03 5.837682 0
2500 3200 21.35 5.911005 0
2600 3200 20.43 5.749431 0
2700 3200 19.28 5.832452 0
2800 3200 18.08 5.883928 0
2900 3200 17.04 5.970223 0
3000 3200 16.22 5.767146 0
3100 3200 15.18 5.814480 0
3200 3200 14.18 5.862120 0
3300 3200 13.22 5.910382 0
3400 3200 89.79 3.983054 0
3500 3200 89.81 508.433436 1
3600 3200 90.00 3.705246 0
3700 3200 90.00 494.117757 1
3800 3200 9.13 5.819150 0
3900 3200 8.40 5.865724 0
4000 3200 11.82 3.437595 0
600 3200 33.86 5.901955 0
700 3200 32.02 5.989973 0
800 3200 30.82 5.857501 0
900 3200 30.34 285.879292 1
1000 3300 90.00 3.842149 0
1100 3300 26.51 5.857078 0
1200 3300 24.83 5.863730 0
1300 3300 23.57 5.859757 0
1400 3300 27.36 4.209243 0
1500 3300 20.41 5.998203 0
1600 3300 18.97 5.948871 0
1700 3300 17.93 5.891777 0
1800 3300 90.00 3.284992 0
1900 3300 22.18 3.840067 0
2000 3300 14.37 5.598505 0
2100 3300 12.40 5.840788 0
2200 3300 10.98 5.907355 0
2300 3300 9.65 5.967486 0
2400 3300 8.60 5.832466 0
2500 3300 22.23 5.798976 0
2600 3300 21.02 5.889100 0
2700 3300 19.86 5.981475 0
2800 3300 19.03 5.811950 0
2900 3300 17.97 5.899568 0
3000 3300 16.87 5.953290 0
3100 3300 16.08 5.749308 0
3200 3300 15.06 5.798217 0
3300 3300 14.19 5.883147 0
3400 3300 13.16 5.897789 0
3500 3300 12.28 5.948640 0
3600 3300 39.59 510.111715 1
3700 3300 39.59 510.111715 1
3800 3300 90.00 6258.003630 1
3900 3300 9.26 5.848083 0
4000 3300 14.12 2.910776 0
600 3300 33.55 5.972065 0
700 3300 32.48 5.861142 0
800 3300 90.00 4.458971 0
900 3300 90.00 4.127061 0
1000 3400 90.00 3.575806 0
1100 3400 26.18 5.947114 0
1200 3400 24.77 5.963487 0
1300 3400 23.48 5.966220 0
1400 3400 22.05 5.950027 0
1500 3400 20.74 5.923118 0
1600 3400 19.55 5.885725 0
1700 3400 18.20 5.833276 0
1800 3400 16.56 5.952996 0
1900 3400 15.52 5.866124 0
2000 3400 22.18 3.643773 0
2100 3400 14.51 5.180000 0
2200 3400 11.37 5.884143 0
2300 3400 10.01 5.951371 0
2400 3400 9.19 5.825440 0
2500 3400 22.82 5.945432 0
2600 3400 21.88 5.779635 0
2700 3400 20.71 5.871442 0
2800 3400 19.59 5.965840 0
2900 3400 18.80 5.795570 0
3000 3400 17.78 5.885477 0
3100 3400 16.70 5.940833 0
3200 3400 15.67 5.996541 0
3300 3400 15.05 5.821129 0
3400 3400 14.10 5.873113 0
3500 3400 13.20 5.926192 0
3600 3400 12.34 5.980040 0
3700 3400 11.42 5.995301 0
3800 3400 89.86 3.545992 0
3900 3400 84.60 498.089497 1
4000 3400 89.36 3.312320 0
600 3400 33.78 5.829933 0
700 3400 32.20 5.938259 0
800 3400 30.19 7.635210 1
900 3400 29.42 5.873904 0
1000 3500 28.20 5.808635 0
1100 3500 90.00 3.363057 0
1200 3500 68.64 3.094522 0
1300 3500 23.89 5.875595 0
1400 3500 22.44 5.865967 0
1500 3500 21.10 5.846082 0
1600 3500 19.87 5.816513 0
1700 3500 18.32 5.969257 0
1800 3500 17.07 5.907420 0
1900 3500 90.00 3.069109 0
2000 3500 14.33 5.923306 0
2100 3500 89.98 3.518280 0
2200 3500 14.50 4.941650 0
2300 3500 10.66 5.939437 0
2400 3500 9.54 5.811591 0
2500 3500 23.69 5.833116 0
2600 3500 22.46 5.932033 0
2700 3500 21.65 5.799895 0
2800 3500 20.52 5.895218 0
2900 3500 19.35 5.954785 0
3000 3500 18.58 5.783389 0
3100 3500 17.59 5.875406 0
3200 3500 16.55 5.932093 0
3300 3500 15.90 5.760159 0
3400 3500 20.20 3.038476 0
3500 3500 20.36 0.990980 0
3600 3500 13.15 5.921133 0
3700 3500 12.30 5.976007 0
3800 3500 11.41 5.992218 0
3900 3500 16.27 2.916479 0
4000 3500 90.00 3.357008 0
600 3500 33.56 5.908751 0
700 3500 32.45 5.802705 0
800 3500 30.74 5.888639 0
900 3500 29.17 5.961523 0
1000 3600 27.98 5.899777 0
1100 3600 90.00 3.246435 0
1200 3600 90.00 3.126304 0
1300 3600 23.87 5.993263 0
1400 3600 22.39 5.985021 0
1500 3600 21.03 5.967838 0
1600 3600 19.78 5.940752 0
1700 3600 18.65 5.904052 0
1800 3600 17.62 5.857903 0
1900 3600 16.06 5.984054 0
2000 3600 14.81 5.890122 0
2100 3600 54.97 2.890267 0
2200 3600 20.77 3.433334 0
2300 3600 24.33 4035.861928 1
2400 3600 9.74 5.994916 0
2500 3600 24.27 5.994907 0
2600 3600 23.30 5.822265 0
2700 3600 22.22 5.961616 0
2800 3600 21.34 5.789698 0
2900 3600 20.25 5.886889 0
3000 3600 19.21 5.987151 0
3100 3600 18.37 5.774913 0
3200 3600 17.42 5.869062 0
3300 3600 16.41 5.926994 0
3400 3600 12.10 5.833340 0
3500 3600 14.85 5.808409 0
3600 3600 13.95 5.863340 0
3700 3600 13.10 5.918823 0
3800 3600 12.27 5.971939 0
3900 3600 90.00 295.733718 1
4000 3600 38.21 3.405269 0
600 3600 33.86 5.768278 0
700 3600 32.26 5.888775 0
800 3600 30.55 5.980105 0
900 3600 33.90 4.238186 0
1000 3700 28.24 5.779780 0
1100 3700 26.90 5.836874 0
1200 3700 25.43 5.868685 0
1300 3700 24.07 5.889280 0
1400 3700 22.83 5.899137 0
1500 3700 21.45 5.887501 0
1600 3700 20.42 5.877933 0
1700 3700 19.01 5.836584 0
1800 3700 17.51 5.999308 0
1900 3700 16.33 5.932939 0
2000 3700 15.30 5.854814 0
2100 3700 13.94 5.966273 0
2200 3700 54.65 1.087540 0
2300 3700 20.30 3.328564 0
2400 3700 90.00 4.070721 0
2500 3700 25.02 5.843849 0
2600 3700 23.87 5.990038 0
2700 3700 22.94 5.815028 0
2800 3700 21.89 5.957216 0
2900 3700 21.05 5.783484 0
3000 3700 26.95 1.007096 0
3100 3700 90.00 4.890075 0
3200 3700 18.18 5.769820 0
3300 3700 17.25 5.865948 0
3400 3700 16.36 5.964170 0
3500 3700 15.66 5.750281 0
3600 3700 14.76 5.805111 0
3700 3700 13.89 5.860383 0
3800 3700 13.05 5.916176 0
3900 3700 12.24 5.972556 0
4000 3700 11.71 5.756493 0
600 3700 33.48 5.838265 0
700 3700 31.87 5.967955 0
800 3700 30.85 5.848097 0
900 3700 29.26 5.930432 0
1000 3800 28.34 5.897009 0
1100 3800 26.73 5.942139 0
1200 3800 32.21 3.693052 0
1300 3800 90.00 2.996836 0
1400 3800 23.29 5.814356 0
1500 3800 21.88 5.807118 0
1600 3800 20.83 5.804254 0
1700 3800 19.20 5.986846 0
1800 3800 17.87 5.935621 0
1900 3800 16.88 5.890713 0
2000 3800 15.82 5.817785 0
2100 3800 14.43 5.937237 0
2200 3800 13.31 5.836084 0
2300 3800 54.35 1.050519 0
2400 3800 19.81 3.306420 0
2500 3800 25.85 5.736303 0
2600 3800 24.60 5.840351 0
2700 3800 23.50 5.987801 0
2800 3800 22.70 5.850495 0
2900 3800 21.59 5.954424 0
3000 3800 20.78 5.780341 0
3100 3800 19.76 5.879658 0
3200 3800 18.78 5.980979 0
3300 3800 18.09 5.804768 0
3400 3800 17.10 5.863508 0
3500 3800 16.23 5.961498 0
3600 3800 15.55 5.749247 0
3700 3800 14.67 5.801788 0
3800 3800 13.82 5.857407 0
3900 3800 13.00 5.913551 0
4000 3800 12.22 5.970275 0
600 3800 33.40 5.940454 0
700 3800 32.23 5.830704 0
800 3800 30.74 5.951344 0
900 3800 29.58 5.804055 0
1000 3900 28.67 5.776863 0
1100 3900 27.05 5.825048 0
1200 3900 25.78 5.882156 0
1300 3900 90.00 2.990951 0
1400 3900 23.10 5.929816 0
1500 3900 21.91 5.940411 0
1600 3900 20.83 5.941772 0
1700 3900 19.61 5.916970 0
1800 3900 18.49 5.885092 0
1900 3900 17.23 5.832351 0
2000 3900 15.93 5.987293 0
2100 3900 14.70 5.893230 0
2200 3900 13.79 5.809503 0
2300 3900 12.55 5.919225 0
2400 3900 56.36 1.015916 0
2500 3900 26.57 5.595729 0
2600 3900 25.42 5.734762 0
2700 3900 24.31 5.878171 0
2800 3900 23.15 5.985580 0
2900 3900 22.38 5.847945 0
3000 3900 21.31 5.951588 0
3100 3900 20.53 5.777760 0
3200 3900 19.54 5.876838 0
3300 3900 18.59 5.977916 0
3400 3900 17.91 5.801996 0
3500 3900 16.95 5.861035 0
3600 3900 16.11 5.958806 0
3700 3900 22.65 0.895673 0
3800 3900 21.60 0.885926 0
3900 3900 20.65 0.876209 0
4000 3900 13.04 5.948145 0
600 3900 33.57 5.775913 0
700 3900 32.17 5.940780 0
800 3900 31.11 5.820555 0
900 3900 29.49 5.910249 0
1000 4000 28.58 5.891119 0
1100 4000 27.18 5.963888 0
1200 4000 26.10 5.770729 0
1300 4000 24.91 5.822294 0
1400 4000 66.15 1.040843 0
1500 4000 90.00 1.038458 0
1600 4000 21.05 5.849789 0
1700 4000 20.04 5.847336 0
1800 4000 18.90 5.820195 0
1900 4000 17.84 5.786841 0
2000 4000 16.26 5.935308 0
2100 4000 15.23 5.860738 0
2200 4000 14.29 5.989371 0
2300 4000 26.45 0.998186 0
2400 4000 11.60 5.997048 0
2500 4000 34.37 0.983504 0
2600 4000 89.84 5.166605 0
2700 4000 25.01 5.733624 0
2800 4000 23.94 5.876206 0
2900 4000 23.16 5.744025 0
3000 4000 22.08 5.845373 0
3100 4000 21.04 5.948750 0
3200 4000 20.29 5.775177 0
3300 4000 19.33 5.874008 0
3400 4000 18.40 5.974853 0
3500 4000 17.75 5.799220 0
3600 4000 16.89 5.895694 0
3700 4000 15.99 5.956121 0
3800 4000 15.35 5.745396 0
3900 4000 14.59 5.838087 0
4000 4000 13.78 5.895574 0
600 4000 33.57 5.892683 0
700 4000 32.36 5.780122 0
800 4000 30.84 5.910973 0
900 4000 29.87 5.785220 0
