1000 2100 25.76 6.392923 1
1100 2100 23.72 6.322845 1
1200 2100 21.93 6.228188 1
1300 2100 20.02 6.126553 1
1400 2100 17.93 6.033134 1
1500 2100 16.47 5.892050 0
1600 2100 33.13 2611.508382 1
1700 2100 12.39 5.902347 0
1800 2100 10.25 5.910241 0
1900 2100 90.00 4.307862 0
2000 2100 90.00 7.013411 1
2100 2100 90.00 6.486891 1
2200 2100 88.89 6.110131 1
2300 2100 1.57 5.902101 0
2400 2100 89.97 5.993586 0
2500 2100 0.18 5.409650 0
2600 2100 0.03 5.035131 0
2700 2100 0.25 4.622496 0
2800 2100 0.10 4.345586 0
2900 2100 29.94 417.650329 1
3000 2100 90.00 7.195242 1
3100 2100 90.00 4.078074 0
3200 2100 90.00 3.923675 0
3300 2100 27.02 383.520963 1
3400 2100 27.02 383.520963 1
3500 2100 90.00 14.947206 1
3600 2100 90.00 3.501694 0
3700 2100 90.00 3.360218 0
3800 2100 90.00 3.259625 0
3900 2100 90.00 3.237784 0
4000 2100 23.51 140.685621 1
600 2100 90.00 6.506869 1
700 2100 32.59 6.483688 1
800 2100 30.18 6.476301 1
900 2100 28.06 6.433674 1
1000 2200 27.22 5.961480 0
1100 2200 25.14 5.917010 0
1200 2200 22.81 5.994312 0
1300 2200 21.22 5.895974 0
1400 2200 18.61 5.964709 0
1500 2200 16.62 5.986472 0
1600 2200 14.91 5.870725 0
1700 2200 12.92 5.882626 0
1800 2200 11.11 5.878832 0
1900 2200 9.47 5.862481 0
2000 2200 7.62 5.856177 0
2100 2200 5.45 5.985792 0
2200 2200 3.90 5.957538 0
2300 2200 2.48 5.920491 0
2400 2200 1.18 5.875990 0
2500 2200 90.00 5.991848 0
2600 2200 0.29 5.265926 0
2700 2200 90.00 5.008777 0
2800 2200 82.52 4.682088 0
2900 2200 90.00 4.319411 0
3000 2200 0.07 4.514614 0
3100 2200 29.77 3.853879 0
3200 2200 29.04 3.774783 0
3300 2200 28.34 3.683650 0
3400 2200 27.66 391.011485 1
3500 2200 88.94 3.703314 0
3600 2200 90.00 1.264503 0
3700 2200 25.81 368.486167 1
3800 2200 25.25 361.448962 1
3900 2200 24.70 3.247905 0
4000 2200 24.18 3.077611 0
600 2200 35.87 6.035725 1
700 2200 33.65 6.037776 1
800 2200 31.69 6.000922 1
900 2200 29.54 5.980488 0
1000 2300 27.19 5.999123 0
1100 2300 25.10 5.964944 0
1200 2300 23.23 5.908500 0
1300 2300 21.08 5.980988 0
1400 2300 19.31 5.891350 0
1500 2300 17.28 5.929767 0
1600 2300 15.05 5.974000 0
1700 2300 13.39 5.979632 0
1800 2300 11.52 5.992083 0
1900 2300 9.93 5.860220 0
2000 2300 7.92 5.996982 0
2100 2300 6.17 5.991271 0
2200 2300 4.90 5.958191 0
2300 2300 3.08 5.949028 0
2400 2300 1.72 5.915025 0
2500 2300 0.48 5.873947 0
2600 2300 0.32 5.559476 0
2700 2300 0.08 5.940167 0
2800 2300 0.32 4.900610 0
2900 2300 0.17 4.422390 0
3000 2300 31.87 4.824121 0
3100 2300 0.21 4.276294 0
3200 2300 90.00 3.790778 0
3300 2300 29.62 3.599189 0
3400 2300 28.93 405.580083 1
3500 2300 90.00 3.947047 0
3600 2300 27.63 390.353627 1
3700 2300 27.02 383.069759 1
3800 2300 26.43 375.987005 1
3900 2300 25.87 3.152499 0
4000 2300 25.33 1.144809 0
600 2300 36.34 5.875457 0
700 2300 35.09 5.604566 0
800 2300 31.74 5.905435 0
900 2300 60.20 5.880489 0
1000 2400 59.41 5.883825 0
1100 2400 25.58 5.861146 0
1200 2400 23.19 5.970393 0
1300 2400 21.50 5.904262 0
1400 2400 19.56 5.966791 0
1500 2400 17.96 5.867821 0
1600 2400 15.69 5.924040 0
1700 2400 13.98 5.945033 0
1800 2400 12.07 5.970526 0
1900 2400 10.32 5.982801 0
2000 2400 8.72 5.983708 0
2100 2400 6.91 5.989263 0
2200 2400 5.59 5.969418 0
2300 2400 4.05 5.954987 0
2400 2400 2.64 5.932076 0
2500 2400 1.34 5.901841 0
2600 2400 0.27 5.876415 0
2700 2400 0.02 5.990712 0
2800 2400 0.28 5.947592 0
2900 2400 0.14 5.957378 0
3000 2400 0.28 5.995639 0
3100 2400 0.14 5.976394 0
3200 2400 0.01 5.856514 0
3300 2400 0.17 3.612016 0
3400 2400 30.16 3.496781 0
3500 2400 0.02 3.467565 0
3600 2400 90.00 3.347654 0
3700 2400 90.00 2.980154 0
3800 2400 27.59 3.175297 0
3900 2400 27.01 382.908837 1
4000 2400 26.46 5.939957 0
600 2400 35.90 5.900122 0
700 2400 33.69 5.931568 0
800 2400 31.33 5.955440 0
900 2400 29.59 5.926055 0
1000 2500 27.30 5.969018 0
1100 2500 29.16 5.915412 0
1200 2500 23.68 5.876110 0
1300 2500 21.47 5.979373 0
1400 2500 19.94 5.905442 0
1500 2500 17.82 5.974369 0
1600 2500 16.37 5.868919 0
1700 2500 14.60 5.904076 0
1800 2500 12.65 5.941482 0
1900 2500 10.86 5.966130 0
2000 2500 9.20 5.979194 0
2100 2500 7.69 5.981495 0
2200 2500 6.31 5.974439 0
2300 2500 4.72 5.969875 0
2400 2500 3.26 5.956604 0
2500 2500 1.90 5.935622 0
2600 2500 0.65 5.908053 0
2700 2500 0.07 5.883572 0
2800 2500 0.24 5.844164 0
2900 2500 0.11 5.936271 0
3000 2500 0.25 5.929380 0
3100 2500 0.11 5.921600 0
3200 2500 0.29 5.995260 0
3300 2500 0.15 5.887345 0
3400 2500 0.02 5.972550 0
3500 2500 90.00 3.799359 0
3600 2500 29.99 3.277222 0
3700 2500 29.35 3.220483 0
3800 2500 28.73 402.827395 1
3900 2500 28.13 5.969947 0
4000 2500 27.56 389.266246 1
600 2500 35.52 5.928636 0
700 2500 33.32 5.970652 0
800 2500 31.35 5.985086 0
900 2500 29.21 5.990440 0
1000 2600 27.82 5.862088 0
1100 2600 25.59 5.995990 0
1200 2600 28.45 5.949730 0
1300 2600 21.96 5.893987 0
1400 2600 19.91 5.993156 0
1500 2600 18.56 5.904690 0
1600 2600 16.59 5.969458 0
1700 2600 15.26 5.858464 0
1800 2600 13.27 5.906503 0
1900 2600 6.62 5.981227 0
2000 2600 10.06 5.955273 0
2100 2600 8.50 5.969634 0
2200 2600 6.74 5.984171 0
2300 2600 5.43 5.979204 0
2400 2600 3.91 5.975341 0
2500 2600 2.51 5.963506 0
2600 2600 1.21 5.944513 0
2700 2600 0.01 5.919156 0
2800 2600 0.19 5.888525 0
2900 2600 0.07 5.859263 0
3000 2600 0.22 5.925523 0
3100 2600 0.09 5.976258 0
3200 2600 0.28 5.971099 0
3300 2600 0.09 5.876336 0
3400 2600 32.52 3.904357 0
3500 2600 0.12 3.542288 0
3600 2600 0.03 3.385472 0
3700 2600 0.15 3.115789 0
3800 2600 89.11 3.293085 0
3900 2600 29.23 408.210532 1
4000 2600 28.64 2.950351 0
600 2600 34.81 5.975885 0
700 2600 33.50 5.842966 0
800 2600 31.52 5.868489 0
900 2600 29.39 5.884911 0
1000 2700 27.52 5.931700 0
1100 2700 25.77 5.912073 0
1200 2700 24.20 5.871785 0
1300 2700 21.98 5.986414 0
1400 2700 20.40 5.916044 0
1500 2700 18.97 5.845863 0
1600 2700 16.97 5.921045 0
1700 2700 15.13 5.983198 0
1800 2700 13.91 5.867164 0
1900 2700 12.36 5.903327 0
2000 2700 10.62 5.938481 0
2100 2700 9.01 5.963171 0
2200 2700 7.52 5.977989 0
2300 2700 5.85 5.991665 0
2400 2700 4.60 5.989090 0
2500 2700 3.15 5.986010 0
2600 2700 1.80 5.975582 0
2700 2700 0.55 5.958494 0
2800 2700 0.27 5.935516 0
2900 2700 0.02 5.907416 0
3000 2700 0.18 5.873022 0
3100 2700 0.06 5.887433 0
3200 2700 0.06 5.887433 0
3300 2700 89.97 5.802044 0
3400 2700 33.65 3.926118 0
3500 2700 89.14 1260.194297 1
3600 2700 32.24 3.591605 0
3700 2700 31.57 3.568973 0
3800 2700 30.92 3.104054 0
3900 2700 30.30 419.458852 1
4000 2700 29.70 2.897405 0
600 2700 35.05 5.835871 0
700 2700 33.22 5.883500 0
800 2700 27.76 6.577898 1
900 2700 29.46 5.930156 0
1000 2800 27.76 5.830074 0
1100 2800 25.50 5.993277 0
1200 2800 23.91 5.963497 0
1300 2800 22.49 5.914418 0
1400 2800 20.90 5.854314 0
1500 2800 18.97 5.943639 0
1600 2800 17.72 5.858394 0
1700 2800 15.84 5.930981 0
1800 2800 14.11 5.992217 0
1900 2800 12.98 5.872157 0
2000 2800 11.20 5.916760 0
2100 2800 9.55 5.951108 0
2200 2800 8.03 5.975736 0
2300 2800 6.62 5.991575 0
2400 2800 5.32 5.999533 0
2500 2800 4.27 5.837359 0
2600 2800 2.88 5.835323 0
2700 2800 1.43 5.989394 0
2800 2800 0.10 5.976591 0
2900 2800 0.10 5.956754 0
3000 2800 0.26 5.931169 0
3100 2800 0.02 4.837790 0
3200 2800 89.24 3.981815 0
3300 2800 35.52 4.500556 0
3400 2800 0.23 3.944383 0
3500 2800 0.10 3.800100 0
3600 2800 33.32 3.904671 0
3700 2800 0.12 3.346218 0
3800 2800 89.96 3.283475 0
3900 2800 0.80 2.924701 0
4000 2800 0.21 3.286495 0
600 2800 34.81 5.873411 0
700 2800 32.64 5.938577 0
800 2800 31.00 5.973741 0
900 2800 29.22 5.994915 0
1000 2900 27.55 5.897464 0
1100 2900 26.10 5.889648 0
1200 2900 24.48 5.870758 0
1300 2900 23.02 5.834767 0
1400 2900 20.93 5.961058 0
1500 2900 19.46 5.893586 0
1600 2900 17.69 5.973324 0
1700 2900 16.25 5.884003 0
1800 2900 14.49 5.954789 0
1900 2900 13.32 5.843868 0
2000 2900 11.81 5.891430 0
2100 2900 10.13 5.934564 0
2200 2900 8.56 5.968358 0
2300 2900 7.11 5.993399 0
2400 2900 6.22 5.840034 0
2500 2900 4.97 5.848662 0
2600 2900 3.54 5.854096 0
2700 2900 2.48 5.850008 0
2800 2900 1.23 5.842903 0
2900 2900 0.06 5.830328 0
3000 2900 0.22 5.982888 0
3100 2900 0.10 5.949247 0
3200 2900 0.24 5.975932 0
3300 2900 0.02 5.940566 0
3400 2900 0.02 5.948127 0
3500 2900 0.97 4.082897 0
3600 2900 0.19 3.674132 0
3700 2900 89.99 26343.360303 1
3800 2900 90.00 3.944382 0
3900 2900 0.08 3.190122 0
4000 2900 0.19 5.973051 0
600 2900 34.29 5.923915 0
700 2900 32.45 5.991184 0
800 2900 31.30 5.851094 0
900 2900 29.50 5.880684 0
1000 3000 27.38 5.971456 0
1100 3000 25.91 5.972629 0
1200 3000 24.27 5.960262 0
1300 3000 22.79 5.931676 0
1400 3000 21.46 5.888411 0
1500 3000 19.96 5.835138 0
1600 3000 18.14 5.939053 0
1700 3000 17.00 5.828991 0
1800 3000 15.20 5.908938 0
1900 3000 13.53 5.979421 0
2000 3000 12.45 5.863285 0
2100 3000 10.73 5.914421 0
2200 3000 9.42 5.954392 0
2300 3000 7.93 5.988609 0
2400 3000 6.99 5.840470 0
2500 3000 5.41 5.859866 0
2600 3000 4.22 5.870380 0
2700 3000 3.12 5.875168 0
2800 3000 1.83 5.874752 0
2900 3000 0.61 5.868723 0
3000 3000 0.33 5.857570 0
3100 3000 0.07 5.841814 0
3200 3000 0.21 5.964018 0
3300 3000 0.09 5.941205 0
3400 3000 0.21 4.353766 0
3500 3000 89.98 489.903974 1
3600 3000 89.78 4.007990 0
3700 3000 34.70 3.674610 0
3800 3000 0.21 3.397834 0
3900 3000 90.00 3.290893 0
4000 3000 0.19 3.567904 0
600 3000 34.14 5.979426 0
700 3000 32.80 5.859490 0
800 3000 30.83 5.915005 0
900 3000 29.02 5.952362 0
1000 3100 27.73 5.861788 0
1100 3100 26.23 5.872070 0
1200 3100 24.58 5.868041 0
1300 3100 23.08 5.848865 0
1400 3100 21.25 5.997161 0
1500 3100 20.03 5.947313 0
1600 3100 18.64 5.886429 0
1700 3100 16.97 5.983905 0
1800 3100 15.64 5.864735 0
1900 3100 13.94 5.943329 0
2000 3100 12.82 5.834611 0
2100 3100 11.36 5.891953 0
2200 3100 9.72 5.942083 0
2300 3100 1.05 5.923612 0
2400 3100 7.50 5.840762 0
2500 3100 6.17 5.866258 0
2600 3100 4.93 5.885288 0
2700 3100 3.51 5.897414 0
2800 3100 2.45 5.904480 0
2900 3100 1.20 5.904859 0
3000 3100 0.03 5.900003 0
3100 3100 0.18 5.890329 0
3200 3100 0.31 5.136027 0
3300 3100 89.98 514.946832 1
3400 3100 0.19 4.757498 0
3500 3100 90.00 3.713299 0
3600 3100 36.40 4.026756 0
3700 3100 0.06 3.749274 0
3800 3100 84.06 3.564433 0
3900 3100 90.00 3.544354 0
4000 3100 33.70 3.377583 0
600 3100 34.22 5.840669 0
700 3100 32.38 5.921534 0
800 3100 30.71 5.984338 0
900 3100 29.39 5.834937 0
1000 3200 27.63 5.942515 0
1100 3200 26.12 5.959925 0
1200 3200 24.45 5.960281 0
1300 3200 23.22 5.947306 0
1400 3200 21.84 5.919374 0
1500 3200 20.29 5.879252 0
1600 3200 19.16 5.827607 0
1700 3200 17.43 5.941695 0
1800 3200 16.06 5.849861 0
1900 3200 14.66 5.904472 0
2000 3200 13.05 5.982912 0
2100 3200 12.01 5.868239 0
2200 3200 10.34 5.925305 0
2300 3200 9.05 5.976372 0
2400 3200 8.03 5.837682 0
2500 3200 6.67 5.870750 0
2600 3200 5.39 5.897348 0
2700 3200 4.21 5.917967 0
2800 3200 2.84 5.929953 0
2900 3200 1.81 5.939477 0
3000 3200 0.60 5.940514 0
3100 3200 0.31 5.762795 0
3200 3200 0.04 5.441686 0
3300 3200 90.00 5.898913 0
3400 3200 90.00 3.918093 0
3500 3200 38.11 3.746887 0
3600 3200 38.11 501.769074 1
3700 3200 90.00 3.473758 0
3800 3200 90.00 4.171407 0
3900 3200 0.02 3.616386 0
4000 3200 34.65 0.979913 0
600 3200 33.86 5.901955 0
700 3200 32.02 5.989973 0
800 3200 30.82 5.857501 0
900 3200 26.99 10.146913 1
1000 3300 28.04 5.832924 0
1100 3300 26.51 5.857078 0
1200 3300 24.83 5.863730 0
1300 3300 23.57 5.859757 0
1400 3300 22.16 5.839760 0
1500 3300 20.41 5.998203 0
1600 3300 18.97 5.948871 0
1700 3300 17.93 5.891777 0
1800 3300 16.07 5.995989 0
1900 3300 15.07 5.899517 0
2000 3300 14.37 5.982040 0
2100 3300 12.40 5.840788 0
2200 3300 10.98 5.907355 0
2300 3300 9.65 5.967486 0
2400 3300 8.60 5.832466 0
2500 3300 7.20 5.872484 0
2600 3300 5.89 5.906131 0
2700 3300 4.66 5.933781 0
2800 3300 3.52 5.955998 0
2900 3300 2.45 5.973370 0
3000 3300 1.21 5.979967 0
3100 3300 0.03 5.981681 0
3200 3300 90.00 5.978842 0
3300 3300 0.16 5.630008 0
3400 3300 0.04 5.895541 0
3500 3300 0.16 4.496527 0
3600 3300 89.83 510.610042 1
3700 3300 0.04 4.567308 0
3800 3300 0.22 3.767164 0
3900 3300 36.23 3.816281 0
4000 3300 0.17 3.564563 0
600 3300 33.55 5.972065 0
700 3300 32.48 5.861142 0
800 3300 30.79 5.936933 0
900 3300 28.96 5.990282 0
1000 3400 27.73 5.917288 0
1100 3400 26.18 5.947114 0
1200 3400 24.77 5.963487 0
1300 3400 23.48 5.966220 0
1400 3400 22.05 5.950027 0
1500 3400 20.74 5.923118 0
1600 3400 19.55 5.885725 0
1700 3400 18.20 5.833276 0
1800 3400 16.56 5.952996 0
1900 3400 15.52 5.866124 0
2000 3400 13.88 5.952261 0
2100 3400 14.51 5.759311 0
2200 3400 11.37 5.884143 0
2300 3400 10.01 5.951371 0
2400 3400 9.19 5.825440 0
2500 3400 7.75 5.872089 0
2600 3400 6.41 5.912577 0
2700 3400 5.15 5.947163 0
2800 3400 3.97 5.976219 0
2900 3400 3.29 5.815894 0
3000 3400 2.26 5.833614 0
3100 3400 1.05 5.840924 0
3200 3400 0.32 5.843656 0
3300 3400 0.28 5.513101 0
3400 3400 0.03 5.083057 0
3500 3400 90.00 5.643919 0
3600 3400 0.90 4.508249 0
3700 3400 89.36 7.996052 1
3800 3400 38.52 467.873005 1
3900 3400 38.52 498.520646 1
4000 3400 37.13 3.211467 0
600 3400 33.78 5.829933 0
700 3400 32.20 5.938259 0
800 3400 28.45 12.143589 1
900 3400 29.42 5.873904 0
1000 3500 28.20 5.808635 0
1100 3500 26.64 5.843507 0
1200 3500 25.20 5.865698 0
1300 3500 23.89 5.875595 0
1400 3500 22.44 5.865967 0
1500 3500 21.10 5.846082 0
1600 3500 19.87 5.816513 0
1700 3500 18.32 5.969257 0
1800 3500 17.07 5.907420 0
1900 3500 16.00 5.828605 0
2000 3500 14.33 5.923306 0
2100 3500 13.47 5.823706 0
2200 3500 14.50 5.603485 0
2300 3500 10.66 5.939437 0
2400 3500 9.54 5.811591 0
2500 3500 8.33 5.870418 0
2600 3500 6.95 5.917097 0
2700 3500 5.91 5.966239 0
2800 3500 5.12 5.813927 0
2900 3500 3.73 5.835900 0
3000 3500 2.66 5.859962 0
3100 3500 1.66 5.879747 0
3200 3500 0.49 5.887270 0
3300 3500 1.21 5.898857 0
3400 3500 41.67 1.003564 0
3500 3500 0.27 4.861551 0
3600 3500 0.02 5.052968 0
3700 3500 0.13 4.336593 0
3800 3500 90.00 8.883682 1
3900 3500 38.70 3.366717 0
4000 3500 90.00 3.261623 0
600 3500 33.56 5.908751 0
700 3500 32.45 5.802705 0
800 3500 30.74 5.888639 0
900 3500 29.17 5.961523 0
1000 3600 27.98 5.899777 0
1100 3600 26.65 5.951887 0
1200 3600 25.20 5.978557 0
1300 3600 23.87 5.993263 0
1400 3600 22.39 5.985021 0
1500 3600 21.03 5.967838 0
1600 3600 19.78 5.940752 0
1700 3600 18.65 5.904052 0
1800 3600 17.62 5.857903 0
1900 3600 16.06 5.984054 0
2000 3600 14.81 5.890122 0
2100 3600 13.47 5.993317 0
2200 3600 12.42 5.880752 0
2300 3600 23.38 2.979393 0
2400 3600 9.74 5.994916 0
2500 3600 8.93 5.868370 0
2600 3600 7.52 5.920964 0
2700 3600 6.44 5.977659 0
2800 3600 5.61 5.827201 0
2900 3600 4.44 5.862344 0
3000 3600 3.33 5.893074 0
3100 3600 2.06 5.909627 0
3200 3600 1.09 5.931493 0
3300 3600 0.36 5.939153 0
3400 3600 0.36 32.407368 1
3500 3600 41.77 5.284999 0
3600 3600 0.14 4.770062 0
3700 3600 89.97 4.766286 0
3800 3600 89.96 4.649859 0
3900 3600 90.00 514.850983 1
4000 3600 89.36 508.171899 1
600 3600 33.86 5.768278 0
700 3600 32.26 5.888775 0
800 3600 30.55 5.980105 0
900 3600 29.43 5.835383 0
1000 3700 28.24 5.779780 0
1100 3700 26.90 5.836874 0
1200 3700 89.38 3.030283 0
1300 3700 65.68 1.142087 0
1400 3700 89.86 1.138924 0
1500 3700 21.45 5.887501 0
1600 3700 20.42 5.877933 0
1700 3700 19.01 5.836584 0
1800 3700 17.51 5.999308 0
1900 3700 58.07 3.376004 0
2000 3700 15.30 5.854814 0
2100 3700 13.94 5.966273 0
2200 3700 12.85 5.860269 0
2300 3700 20.30 3.328564 0
2400 3700 52.51 4.203857 0
2500 3700 9.30 5.855974 0
2600 3700 8.11 5.924405 0
2700 3700 6.75 5.977240 0
2800 3700 6.13 5.839677 0
2900 3700 4.92 5.880535 0
3000 3700 3.79 5.916871 0
3100 3700 3.37 73.623091 1
3200 3700 1.48 5.965358 0
3300 3700 0.54 5.989072 0
3400 3700 0.06 5.816589 0
3500 3700 90.00 5.642564 0
3600 3700 90.00 5.043616 0
3700 3700 0.03 4.682521 0
3800 3700 0.12 4.375529 0
3900 3700 0.20 4.417768 0
4000 3700 89.92 5.056296 0
600 3700 33.48 5.838265 0
700 3700 31.87 5.967955 0
800 3700 30.85 5.848097 0
900 3700 29.26 5.930432 0
1000 3800 28.34 5.897009 0
1100 3800 26.73 5.942139 0
1200 3800 25.49 5.994884 0
1300 3800 36.27 1.106996 0
1400 3800 23.29 5.814356 0
1500 3800 21.88 5.807118 0
1600 3800 20.83 5.804254 0
1700 3800 19.20 5.986846 0
1800 3800 17.87 5.935621 0
1900 3800 16.88 5.890713 0
2000 3800 15.82 5.817785 0
2100 3800 14.43 5.937237 0
2200 3800 13.31 5.836084 0
2300 3800 90.00 1.050519 0
2400 3800 19.81 3.273316 0
2500 3800 90.00 3.936433 0
2600 3800 8.48 5.915901 0
2700 3800 7.33 5.986344 0
2800 3800 6.67 5.851545 0
2900 3800 5.43 5.897865 0
3000 3800 4.27 5.939810 0
3100 3800 3.16 5.977539 0
3200 3800 2.53 5.815167 0
3300 3800 1.56 5.842919 0
3400 3800 0.41 5.854962 0
3500 3800 0.34 5.518691 0
3600 3800 12.42 0.922990 0
3700 3800 0.16 4.824144 0
3800 3800 90.00 4.708641 0
3900 3800 0.01 4.302295 0
4000 3800 0.09 4.045501 0
600 3800 33.40 5.940454 0
700 3800 32.23 5.830704 0
800 3800 30.74 5.951344 0
900 3800 29.58 5.804055 0
1000 3900 28.67 5.776863 0
1100 3900 27.05 5.825048 0
1200 3900 25.78 5.882156 0
1300 3900 24.38 5.910515 0
1400 3900 66.86 1.071712 0
1500 3900 21.91 5.940411 0
1600 3900 20.83 5.941772 0
1700 3900 19.61 5.916970 0
1800 3900 18.49 5.885092 0
1900 3900 17.23 5.832351 0
2000 3900 15.93 5.987293 0
2100 3900 14.70 5.893230 0
2200 3900 13.79 5.809503 0
2300 3900 12.55 5.919225 0
2400 3900 54.07 1.015914 0
2500 3900 53.06 3.078217 0
2600 3900 52.07 4.221934 0
2700 3900 7.93 5.996460 0
2800 3900 7.00 5.850198 0
2900 3900 5.97 5.914942 0
3000 3900 4.77 5.962186 0
3100 3900 4.04 5.806334 0
3200 3900 2.97 5.843109 0
3300 3900 1.96 5.876133 0
3400 3900 1.01 5.905651 0
3500 3900 90.00 5.917549 0
3600 3900 89.35 5.940148 0
3700 3900 89.99 5.410781 0
3800 3900 0.05 4.855571 0
3900 3900 0.01 4.520865 0
4000 3900 0.09 4.232163 0
600 3900 33.57 5.775913 0
700 3900 32.17 5.940780 0
800 3900 31.11 5.820555 0
900 3900 29.49 5.910249 0
1000 4000 28.58 5.891119 0
1100 4000 27.18 5.963888 0
1200 4000 26.10 5.770729 0
1300 4000 90.00 2.937044 0
1400 4000 66.15 1.040843 0
1500 4000 64.91 1.038458 0
1600 4000 21.05 5.849789 0
1700 4000 20.04 5.847336 0
1800 4000 18.90 5.820195 0
1900 4000 17.84 5.786841 0
2000 4000 16.26 5.935308 0
2100 4000 15.23 5.860738 0
2200 4000 89.72 5.989371 0
2300 4000 90.00 0.998186 0
2400 4000 11.60 5.997048 0
2500 4000 53.80 0.983506 0
2600 4000 9.43 5.954839 0
2700 4000 12.73 4.285852 0
2800 4000 7.59 5.861224 0
2900 4000 6.52 5.932573 0
3000 4000 5.29 5.984685 0
3100 4000 4.53 5.828692 0
3200 4000 3.43 5.870354 0
3300 4000 2.39 5.908485 0
3400 4000 1.41 5.943119 0
3500 4000 0.49 5.974445 0
3600 4000 0.01 5.802854 0
3700 4000 90.00 5.626934 0
3800 4000 11.97 0.869953 0
3900 4000 0.14 4.655803 0
4000 4000 90.00 5.027581 0
600 4000 33.57 5.892683 0
700 4000 32.36 5.780122 0
800 4000 30.84 5.910973 0
900 4000 29.87 5.785220 0
